{
  "height": 48,
  "width": 91,
  "x": 761.7999877929688,
  "y": 3432.400146484375
}