{
  "height": 34,
  "width": 124,
  "x": 1166.3499755859375,
  "y": 1158.800048828125
}