{
  "height": 35,
  "width": 147,
  "x": 72.73750305175781,
  "y": 6044.000183105469
}