{
  "height": 32,
  "width": 124,
  "x": 1166.3499755859375,
  "y": 2586.800048828125
}